T 1624 0
108 38 130 80 0.792225
133 5 154 40 0.998932
158 1 174 47 0.999492
64 50 84 90 0.990146
107 44 139 90 0.766683
T 1983 5000
139 0 155 45 0.993670
145 0 164 42 0.889135
138 2 159 32 0.996981
143 5 170 35 0.815642
159 4 183 39 0.998332
116 35 133 81 0.982280
70 42 88 88 0.996498
T 2125 9865
120 0 142 20 0.766683
127 1 153 21 0.609718
93 14 117 60 0.836964
47 17 68 71 0.963442
T 2259 14689
121 0 140 41 0.766683
127 0 152 42 0.856254
143 0 164 39 0.677771
118 3 146 32 0.856254
132 5 164 31 0.998332
51 41 75 81 0.968334
93 30 126 83 0.926086
T 2392 19475
133 4 148 51 0.999410
138 5 155 51 0.709356
150 9 171 55 0.995939
64 52 82 106 0.998932
109 51 127 97 0.944038
111 61 149 107 0.873606
T 2525 24110
152 26 168 83 0.999720
33 4 71 30 0.968334
133 28 150 67 0.999562
108 70 135 116 0.915240
67 73 85 119 0.994540
107 79 151 125 0.766683
T 2685 28956
46 8 84 37 0.986778
136 36 154 75 0.999945
157 39 174 79 0.999937
116 76 133 122 0.873606
73 82 89 128 0.996498
118 82 146 129 0.677771
T 2825 33817
165 55 184 112 0.999915
59 30 91 59 0.988585
145 60 163 99 0.999410
81 102 99 148 0.999792
124 97 141 143 0.988585
T 2959 38726
124 5 134 32 0.951395
150 64 167 121 0.999885
169 71 183 120 0.999410
83 110 102 159 0.998562
127 101 143 158 0.986778
69 39 93 73 0.972590
T 3141 43924
130 17 139 48 0.997756
67 53 86 95 0.766683
154 78 170 135 0.999988
172 82 191 139 0.999758
89 122 103 178 0.992663
72 55 96 89 0.986778
132 122 149 168 0.976287
T 3270 49074
126 30 136 61 0.990146
42 58 59 94 0.709356
66 58 85 107 0.739037
150 94 169 143 0.999675
171 99 185 141 0.999206
71 66 95 96 0.998932
86 139 104 178 0.998562
127 136 148 176 0.935642
T 3400 54428
123 35 136 66 0.766683
59 72 81 108 0.836964
149 95 168 152 0.999953
169 98 185 155 0.999492
126 137 142 179 0.986778
85 139 101 188 0.990146
68 71 95 105 0.957828
151 106 171 141 0.915240
164 109 185 143 0.644474
T 3566 59769
126 44 138 71 0.957828
41 73 60 110 0.766683
62 80 87 117 0.766683
151 106 170 155 0.999953
170 110 189 159 0.999792
127 144 146 186 0.915240
69 81 97 110 0.992663
90 148 105 195 0.915240
T 3695 65198
125 50 134 77 0.935642
40 77 56 108 0.836964
61 84 80 116 0.677771
70 79 92 122 0.991496
148 110 169 159 0.999885
169 112 185 161 0.999885
84 152 103 195 0.984691
125 152 149 192 0.991496
T 3827 70712
126 54 135 85 0.963442
62 88 78 124 0.815642
67 86 84 128 0.815642
150 113 169 170 0.999821
170 123 186 165 0.999410
84 157 103 206 0.996498
70 89 94 123 0.984691
128 160 148 200 0.990146
T 3965 76115
130 68 139 95 0.997756
67 100 86 136 0.677771
153 123 169 180 0.999492
173 126 192 183 0.999937
129 158 145 215 0.926086
70 104 97 134 0.991496
174 140 194 170 0.856254
90 167 105 221 0.968334
T 4128 81586
154 79 163 106 0.766683
133 80 142 111 0.972590
49 103 65 145 0.944038
69 113 87 149 0.677771
157 139 176 188 0.999991
177 147 193 189 0.999410
134 179 150 215 0.986778
94 181 108 224 0.999079
77 115 101 145 0.994540
T 4327 87330
158 97 167 124 0.677771
138 99 146 126 0.996498
54 126 68 153 0.915240
75 130 91 166 0.902968
83 128 102 164 0.998562
160 156 178 205 0.999974
179 160 198 209 0.999821
91 193 112 224 0.972590
133 195 158 222 0.984691
T 4468 93203
140 107 147 134 0.994540
159 105 167 136 0.792225
55 132 69 175 0.815642
74 139 90 176 0.979497
85 138 101 174 0.998065
162 166 178 215 0.999953
181 168 200 217 0.999959
134 207 156 222 0.996498
T 4600 99253
157 112 166 139 0.836964
138 114 147 141 0.984691
50 135 69 177 0.972590
71 144 93 180 0.968334
82 143 101 179 0.984691
160 171 179 220 0.999937
180 174 199 223 0.999622
89 212 111 220 0.677771
133 210 158 221 0.957828
T 4768 105494
140 119 147 146 0.951395
160 117 169 144 0.766683
57 143 69 179 0.856254
75 152 89 179 0.935642
86 148 102 184 0.996498
163 178 180 220 0.999079
180 179 202 228 0.999316
T 4904 111798
139 128 148 155 0.915240
150 129 160 152 0.609718
161 126 170 153 0.836964
57 149 69 191 0.739037
77 160 91 187 0.926086
86 155 102 192 0.972590
164 185 180 227 0.999867
178 192 204 223 0.997397
T 5036 118149
137 134 146 157 0.992663
157 131 166 158 0.889135
51 160 65 183 0.609718
74 162 93 198 0.815642
81 159 100 202 0.996981
161 192 177 224 0.999562
179 196 198 223 0.999792
T 5181 124573
134 138 142 165 0.976287
73 170 83 190 0.792225
83 166 97 203 0.968334
158 196 177 223 0.999206
175 202 196 225 0.999410
T 5358 130982
134 142 143 166 0.995939
51 166 63 193 0.739037
72 173 84 200 0.644474
78 168 90 205 0.644474
82 169 96 206 0.998932
156 197 178 224 0.999845
175 205 196 225 0.999562
T 5561 137525
140 149 147 172 0.976287
74 177 91 213 0.915240
86 172 102 214 0.995939
160 208 181 223 0.995291
179 210 201 221 0.988585
52 174 80 220 0.984691
T 5700 144104
141 153 150 176 0.992663
162 150 171 174 0.856254
76 179 95 215 0.739037
85 176 107 218 0.976287
161 210 186 221 0.972590
178 211 203 222 0.935642
56 175 80 221 0.951395
T 5838 150840
142 151 151 174 0.993670
87 178 106 214 0.963442
159 211 189 221 0.951395
180 211 210 221 0.976287
54 174 78 220 0.889135
T 6016 157631
147 151 156 174 0.609718
91 179 110 216 0.979497
168 210 193 221 0.951395
185 212 210 221 0.709356
55 174 83 221 0.739037
T 6154 164180
158 162 166 189 0.986778
69 183 83 226 0.963442
101 189 118 225 0.982280
T 6294 170971
163 173 171 200 0.766683
67 196 89 223 0.951395
99 203 121 223 0.951395
T 6434 177806
T 6629 184849
171 196 183 223 0.677771
T 6825 192068
165 200 178 223 0.644474
T 6967 199262
T 7142 206198
T 7284 213040
T 7429 220114
T 7609 227206
T 7744 232983
T 7863 236943
T 8027 240031
T 8161 242704
T 8294 245491
T 8449 248472
T 8578 251413
T 8695 254205
T 8828 257281
T 8961 260538
